timestamp,open,high,low,close,volume
2024-11-13,152.0000,152.5000,139.1000,139.9700,50795327
2024-11-08,154.6200,157.6600,144.1300,151.6800,89192349
2024-11-01,153.5000,156.9100,147.5800,154.5900,186401231
2024-10-25,160.2500,163.4400,151.9800,155.0100,54517196
2024-10-18,148.0000,157.1400,146.0200,155.0000,41656808
2024-10-11,155.0000,158.7599,146.2600,151.0200,46057048
2024-10-04,154.7900,156.4000,149.4900,155.0000,40256384
2024-09-27,153.0000,158.4300,151.6500,156.3200,48530775
2024-09-20,156.2500,158.8800,152.6000,153.2900,49282221
2024-09-13,162.3000,164.5500,155.6000,156.7700,45883099
2024-09-06,167.0300,169.6000,156.6950,157.6200,37054882
2024-08-30,173.0000,175.2800,170.1500,173.7400,20146038
2024-08-23,180.0400,180.7000,170.0400,174.9600,25130930
2024-08-16,167.7300,180.5100,162.6200,179.9900,27717421
2024-08-09,162.5200,169.8500,162.5000,167.9100,29958175
2024-08-02,186.7000,196.9500,167.2500,169.9500,49444329
2024-07-26,181.3600,189.5900,177.2300,186.8900,30007028
2024-07-19,183.5000,188.4500,177.3900,179.6700,29111070
2024-07-12,186.9400,191.5000,180.4500,182.3100,27388957
2024-07-05,182.2000,189.4700,182.2000,184.8300,19222340
2024-06-28,176.1500,184.4350,173.2900,182.0100,35736058
2024-06-21,176.7500,180.4500,172.0450,176.5600,25084199
2024-06-14,190.0000,192.6300,175.2200,177.2700,23950446
2024-06-07,178.0900,192.1000,178.0197,190.2400,31389051
2024-05-31,174.7300,178.4914,171.5501,177.6100,18643226
2024-05-24,184.6500,188.6300,169.5700,174.5200,40968423
2024-05-17,179.0400,185.3799,176.1700,184.9500,26206186
2024-05-10,180.8800,183.9800,174.7100,178.5100,30790442
2024-05-03,167.9000,180.4900,167.5000,179.7900,37900297
2024-04-26,169.8200,177.6400,159.7000,167.2200,52959077
2024-04-19,170.7400,172.0400,167.5300,169.8200,32456903
2024-04-12,182.1400,184.5500,169.3700,169.5500,42225400
2024-04-05,192.2400,192.8673,182.4400,183.1400,26467045
2024-03-28,196.0100,196.1800,186.8100,192.9900,33769610
2024-03-22,180.2600,192.9400,177.5194,188.8500,45179223
2024-03-15,194.2100,196.0700,180.5200,182.5300,63488285
2024-03-08,199.5000,203.8000,196.9200,198.4900,31960695
2024-03-01,201.0100,208.1000,199.0100,200.0000,36674469
2024-02-23,203.5500,205.5800,197.1500,200.8300,23375101
2024-02-16,208.7000,209.8000,202.2100,203.8900,30139668
2024-02-09,204.6400,213.7700,202.0000,209.2000,34129413
2024-02-02,206.0600,214.6324,199.1400,209.3800,60220507
2024-01-26,213.0700,217.5900,198.3200,205.4700,66115012
2024-01-19,210.0700,215.1600,199.5000,215.0200,89822295
2024-01-12,228.0000,233.8500,217.0400,217.7000,97417720
2024-01-05,257.2800,258.5900,243.0000,249.0000,22047493
2023-12-29,259.8000,264.6600,257.6800,260.6600,16112430
2023-12-22,260.6300,267.5400,259.2000,260.4400,28274856
2023-12-15,243.5000,265.5200,243.3100,264.2700,41657103
2023-12-08,231.3000,244.7000,230.0000,244.7000,26889460
2023-12-01,218.8100,235.3800,217.6600,233.8700,32625825
2023-11-24,211.0100,221.5900,210.9400,220.0000,24647849
2023-11-17,203.4900,211.0900,202.5100,208.0400,33749851
2023-11-10,195.8800,197.2600,189.5700,196.6500,20585762
2023-11-03,179.4200,197.1400,179.4200,195.0500,25180458
2023-10-27,179.4400,187.0000,176.2500,179.6900,34173531
2023-10-20,185.9100,190.2490,179.8500,180.0400,24658009
2023-10-13,188.0000,199.6199,183.1750,184.9100,33923253
2023-10-06,191.4700,192.4900,182.5500,187.3800,29645968
2023-09-29,196.8400,199.3900,190.0300,191.6800,24376766
2023-09-22,207.9100,207.9100,197.1400,197.7100,21287907
2023-09-15,213.7600,214.2000,206.8800,208.1100,19962184
2023-09-08,223.1000,224.0916,210.5100,211.2700,18168997
2023-09-01,224.2100,231.1700,221.9500,223.4000,22298915
2023-08-25,226.8000,230.5400,212.8801,223.4100,30236924
2023-08-18,237.0000,238.6500,221.6800,226.6500,15904075
2023-08-11,232.7400,241.5800,232.7400,235.7200,21624493
2023-08-04,238.9900,243.1000,230.0800,231.3600,22000924
2023-07-28,212.0600,240.1300,210.8100,238.6900,55413310
2023-07-21,212.5000,215.6000,208.2350,211.8000,24170410
2023-07-14,211.8400,221.5600,211.2200,213.1200,24665239
2023-07-07,210.5000,215.6600,207.8900,212.1000,16648111
2023-06-30,206.1100,213.2400,204.6600,211.1600,21118769
2023-06-23,218.8900,219.2900,202.5500,205.4100,26987207
2023-06-16,217.1600,223.9100,215.3100,219.9900,32388004
2023-06-09,213.2800,220.0000,200.6100,217.3100,37081303
2023-06-02,204.0900,215.2400,200.9100,213.3200,22034943
2023-05-26,205.5100,207.4891,196.6000,203.6300,19206567
2023-05-19,200.0100,208.5800,198.6500,205.4900,20743693
2023-05-12,199.1600,204.6100,196.4000,200.7000,24422417
2023-05-05,206.2500,208.5200,193.2700,198.3400,23091929
2023-04-28,204.8700,211.7000,201.1200,206.7800,25684859
2023-04-21,202.0000,210.8700,200.8000,205.1500,25245743
2023-04-14,211.0000,214.5000,198.1541,201.7100,37175286
2023-04-06,212.8000,218.5700,208.2200,211.3700,22034740
2023-03-31,198.6300,214.8000,198.6300,212.4300,24655392
2023-03-24,201.1200,207.8600,193.9202,197.5300,27529285
2023-03-17,200.2000,213.5599,192.4100,201.0500,42422133
2023-03-10,214.1200,214.7500,197.7900,203.0700,26862147
2023-03-03,199.8700,216.1200,199.0600,215.1100,25261952
2023-02-24,208.9900,210.8400,197.3600,198.1500,21381795
2023-02-17,213.6000,221.3300,207.6196,211.6600,29452539
2023-02-10,205.1900,215.7700,203.6900,212.8900,25325823
2023-02-03,209.1900,218.9700,205.6180,206.0100,31605475
2023-01-27,208.3600,214.7500,203.1100,211.1700,38868267
2023-01-20,212.7100,213.4245,204.7800,206.7600,22842674
2023-01-13,212.3600,216.6400,203.4608,214.1300,38800848
2023-01-06,192.9500,213.0400,192.4000,213.0000,36541217
2022-12-30,189.5800,192.4400,186.1900,190.4900,17967462
2022-12-23,184.9200,196.4000,184.7100,189.0600,32849706
2022-12-16,180.8000,191.1100,180.5000,184.7000,38143092
2022-12-09,182.0000,188.4499,174.6200,179.5400,37631052
2022-12-02,176.1700,183.4500,171.7000,182.8700,32296809
2022-11-25,172.5300,178.4600,171.0000,178.3600,14872912
2022-11-18,176.5000,178.1900,168.5200,173.8900,26819824
2022-11-11,161.4000,179.3200,160.6300,177.4900,51657864
2022-11-04,141.8800,160.9800,139.5200,160.0100,57821496
2022-10-28,142.8500,150.1400,132.2050,143.8400,62847248
2022-10-21,136.9800,141.8800,133.2601,141.3200,31324730
2022-10-14,131.4200,136.4100,124.1700,133.1500,35673195
2022-10-07,122.0000,133.5700,121.0200,129.7900,31018503
2022-09-30,129.7700,133.8900,120.9900,121.0800,41323103
2022-09-23,142.6200,149.8700,129.5000,131.2600,33317004
2022-09-16,158.4600,160.9700,141.3500,144.2900,42669492
2022-09-09,152.3900,159.7500,150.4600,157.5200,21188510
2022-09-02,162.2800,169.9200,150.8200,151.8200,28001275
2022-08-26,159.4000,171.3700,157.9100,164.5300,22855615
2022-08-19,169.2900,173.8500,162.5800,162.9200,26668468
2022-08-12,166.4100,171.7599,163.4500,169.9900,33900153
2022-08-05,165.9500,171.7600,162.3300,165.0400,45653645
2022-07-29,156.9400,162.7400,152.8000,159.3100,42646987
2022-07-22,153.3050,163.3399,147.2000,158.1600,52439033
2022-07-15,137.7700,149.7359,134.8900,147.7400,51183943
2022-07-08,136.2500,142.2750,131.2900,139.0700,30011899
2022-07-01,140.2800,147.1800,131.6000,139.8400,44171165
2022-06-24,139.1700,141.8700,130.0917,141.5300,42610718
2022-06-17,123.0000,138.9800,113.0200,136.8000,95912274
2022-06-10,139.9900,142.2063,126.8500,127.0000,31420442
2022-06-03,131.0300,140.7000,127.0100,139.2500,40814051
2022-05-27,121.7000,132.2300,117.2900,132.2300,41737205
2022-05-20,127.0500,132.8300,117.0800,120.7000,59251403
2022-05-13,146.0000,146.9500,120.2800,127.2000,72546465
2022-05-06,148.0200,157.9900,143.3821,148.9000,47678828
2022-04-29,174.5100,176.0800,146.0000,148.8400,80281133
2022-04-22,181.4500,189.8500,176.5000,176.9200,33078200
2022-04-14,173.8400,185.5400,173.4000,181.9400,24670706
2022-04-08,190.0200,192.3500,173.8700,175.2000,39332846
2022-04-01,188.4300,197.5799,184.4700,190.7600,36612218
2022-03-25,184.4000,192.8629,180.6100,188.9500,63051051
2022-03-18,175.8800,193.3800,172.5700,192.8300,49165786
2022-03-11,181.0300,184.8600,167.5800,176.2300,54362761
2022-03-04,198.5800,207.3100,178.9700,180.8400,54651244
2022-02-25,205.0000,206.9000,186.8800,201.4800,38529260
2022-02-18,213.0000,219.6800,208.6000,209.0300,35791506
2022-02-11,205.7900,223.2300,205.4200,212.3000,49900469
2022-02-04,190.7300,209.1000,190.0000,206.4500,48620725
2022-01-28,199.8500,206.2140,183.7700,190.5700,66245974
2022-01-21,224.5000,229.6700,204.5700,205.4400,37390689
2022-01-14,214.2600,226.8900,207.1300,225.9600,51097085
2022-01-07,204.0000,218.9300,203.3400,215.5000,48722472
2021-12-31,201.9900,208.9373,199.1000,201.3200,37860854
2021-12-23,188.1100,205.1300,185.2600,204.2200,37899234
2021-12-17,202.5000,202.8100,187.8800,192.6300,50459320
2021-12-10,199.7700,212.6799,199.2000,205.0600,42013643
2021-12-03,201.8700,204.2800,188.0000,198.4900,69415308
2021-11-26,215.0000,215.0200,194.0000,199.2100,42721391
2021-11-19,227.3700,233.9400,213.2300,214.1300,74620774
2021-11-12,225.2400,226.9900,217.2700,220.9600,37342362
2021-11-05,207.0000,224.5800,206.8100,224.4600,42741866
2021-10-29,213.2500,214.8500,204.6000,207.0300,50400320
2021-10-22,216.0000,218.6600,212.5750,212.9700,36771157
2021-10-15,226.5000,232.1000,216.2800,217.0400,43214745
2021-10-08,225.6800,229.0000,219.2001,226.3900,32054520
2021-10-01,224.0000,229.9399,216.4201,226.0000,55677605
2021-09-24,210.8100,222.6200,206.5300,221.3900,44502176
2021-09-17,211.3500,216.3100,209.8800,213.3600,42354388
2021-09-10,215.9100,216.7100,210.1200,210.3000,38276239
2021-09-03,222.3500,223.8400,217.0854,218.1700,36815114
2021-08-27,215.8300,223.1000,215.3800,221.7500,41889939
2021-08-20,231.9000,232.0300,210.9400,212.6700,50491751
2021-08-13,229.0000,241.1500,226.8900,234.4600,40799964
2021-08-06,227.1900,233.5700,221.3000,231.3300,40396339
2021-07-30,220.0000,237.4900,219.8900,226.4800,55500702
2021-07-23,211.1800,224.6300,204.8000,221.5200,71736815
2021-07-16,237.9900,240.7700,217.0338,217.7400,66880067
2021-07-09,236.8500,240.3800,226.1600,239.5900,52892434
2021-07-02,244.7300,245.0800,233.4700,236.6800,72223611
2021-06-25,238.6600,252.3000,237.2500,248.3800,58600287
2021-06-18,246.4400,249.2000,235.8000,237.3500,53151016
2021-06-11,251.5000,256.3100,245.7800,247.2800,60866402
2021-06-04,253.0000,258.3957,248.4900,249.9200,43584098
2021-05-28,235.1400,252.6000,232.6000,247.0200,59855976
2021-05-21,226.2400,236.3000,220.2800,234.8200,58601038
2021-05-14,236.8400,241.1049,219.0700,228.4700,72684057
2021-05-07,234.1100,237.1000,225.6500,235.4700,67288657
2021-04-30,240.2400,244.6500,231.8000,234.3100,62913466
2021-04-23,247.0000,247.0000,230.2200,238.3800,66987673
2021-04-16,250.5700,258.3700,246.1000,248.1800,63031777
2021-04-09,256.5600,260.4800,249.3100,252.3600,57012176
2021-04-01,251.3000,257.8800,248.0300,252.9600,59849010
2021-03-26,255.8200,257.6699,231.7000,244.8700,105354019
2021-03-19,274.1500,278.5671,251.3100,255.8200,129386733
2021-03-12,226.6700,269.7200,222.5801,269.1900,127994897
2021-03-05,219.6000,237.1027,213.8000,223.2200,106947524
2021-02-26,211.8900,229.6100,206.6000,212.0100,99456154
2021-02-19,213.0800,218.7100,208.0800,217.4700,40877534
2021-02-12,209.5500,217.4900,208.3000,210.9800,49224779
2021-02-05,196.0000,213.1988,192.8600,207.9300,53353893
2021-01-29,203.2650,208.3500,191.8504,194.1900,70323406
2021-01-22,206.9900,215.5900,204.2700,205.8400,40308712
2021-01-15,203.0300,214.1900,201.0100,204.3200,61509432
2021-01-08,210.0000,216.6000,202.4911,209.9000,85384170
2020-12-31,218.1900,221.6800,212.7000,214.0600,44715843
2020-12-24,212.3400,224.4022,211.1000,217.1500,49320188
2020-12-18,235.0000,237.6300,218.6100,219.7500,92661187
2020-12-11,238.5000,244.0800,228.0200,230.3300,105469122
2020-12-04,215.7000,242.0000,208.5188,232.7100,133276852
2020-11-27,203.2400,222.9500,201.8700,216.5000,88412896
2020-11-20,194.5600,223.0200,191.3501,199.6200,197319766
2020-11-13,179.0000,193.9500,172.1600,187.1100,165447446
2020-11-06,145.7500,158.4700,143.3800,157.7400,58773018
2020-10-30,164.9500,165.5000,141.5800,144.3900,81869792
2020-10-23,169.0900,170.8400,163.8200,167.3600,64552528
2020-10-16,167.7500,173.4200,158.7300,167.3500,82908497
2020-10-09,169.4900,175.5600,159.3300,167.3300,130238342
2020-10-02,160.3300,172.7600,159.2000,168.0800,159676687
2020-09-25,157.8300,160.4200,145.0200,156.0300,115362900
2020-09-18,161.7500,170.5700,158.9000,161.1400,95771335
2020-09-11,165.8000,166.9000,156.3200,160.2300,73829106
2020-09-04,174.6500,180.8500,164.0000,171.0500,98480457
2020-08-28,168.7800,181.3100,167.9300,175.8000,136757400
2020-08-21,178.2400,178.2900,165.8600,167.5000,110489356
2020-08-14,171.3600,189.9700,171.3300,178.0800,192969507
2020-08-07,156.5100,175.5700,153.4100,170.0200,168164506
2020-07-31,173.1900,174.1400,156.2600,158.0000,166729263
2020-07-24,175.1300,182.9500,171.6200,173.7600,153926178
2020-07-17,180.2000,189.5300,173.4100,175.6600,190649700
2020-07-10,184.5200,189.3600,169.7500,178.4400,198773200
2020-07-02,181.0000,194.5000,176.2700,180.8100,233949200
2020-06-26,184.5600,190.1200,167.6000,170.0100,268004899
2020-06-19,177.1800,208.3000,175.8900,187.0200,334861820
2020-06-12,222.9400,234.2000,166.0100,189.5100,428086012
2020-06-05,145.4500,218.7900,144.5500,205.4300,284497400
2020-05-29,145.2100,156.7000,141.2400,145.8500,131275516
2020-05-22,126.1800,144.2390,125.7998,137.5300,167095041
2020-05-15,130.9200,133.1200,113.8900,120.0000,132649417
2020-05-08,127.1150,135.5500,121.3700,133.4400,142936378
2020-05-01,129.9700,147.1800,123.8300,133.3700,206761312
2020-04-24,147.2100,151.6299,128.3300,128.9800,146212437
2020-04-17,155.5000,156.0000,132.9000,154.0000,191299719
2020-04-09,133.7000,164.8000,129.2100,151.8400,186420771
2020-04-03,153.8100,160.6400,120.0204,124.5200,201900169
2020-03-27,98.7500,186.4800,93.5600,162.0000,276972391
2020-03-20,149.4200,151.0000,89.0000,95.0100,224078449
2020-03-13,238.0035,241.4800,154.8130,170.2000,105695959
2020-03-06,279.5400,297.4400,249.8000,262.3300,52916222
2020-02-28,320.0000,321.7400,269.6000,275.1100,47402072
2020-02-21,338.7700,341.4742,330.2300,330.3800,14341566
2020-02-14,337.2200,349.9500,336.3201,340.4900,23563513
2020-02-07,318.7500,343.4400,314.8800,336.7500,32853715
2020-01-31,316.2100,327.1750,314.0000,318.2700,36419241
2020-01-24,322.6000,326.5999,302.7200,323.0500,65556355
2020-01-17,332.4000,335.3500,323.0000,324.1500,32196675
2020-01-10,329.3000,344.1900,327.8800,329.9200,38828886
2020-01-03,330.5000,334.8900,323.3200,332.7600,17903055
2019-12-27,336.7500,340.5899,329.1700,330.1400,22368810
2019-12-20,328.5300,336.2330,320.6100,328.0000,51978523
2019-12-13,352.6700,353.6000,338.5000,341.6700,23567388
2019-12-06,367.0800,367.3800,345.5900,354.0900,20144684
2019-11-29,372.5200,374.7700,366.1800,366.1800,11716885
2019-11-22,371.6700,375.6026,361.6101,371.3400,20881178
2019-11-15,349.0400,373.4800,345.5643,371.6800,31559441
2019-11-08,346.4600,361.6100,346.0500,351.0000,19026739
2019-11-01,341.5000,350.0000,339.2180,345.1900,20732751
2019-10-25,332.8900,350.8000,324.4000,339.8300,43938991
2019-10-18,374.2500,378.7000,344.0000,344.0000,24594398
2019-10-11,374.0600,378.1500,368.6400,374.9200,15507659
2019-10-04,383.0000,383.7700,363.2300,375.7000,14611252
2019-09-27,376.6100,391.0000,374.4200,382.8600,16694080
2019-09-20,378.1400,388.5200,375.0000,379.3900,20463256
2019-09-13,357.9800,384.0000,354.7300,379.7600,25262512
2019-09-06,354.1100,364.9100,350.6050,363.0000,13673528
2019-08-30,365.0400,367.3400,351.1800,364.0900,16674776
2019-08-23,334.1800,369.6900,328.8800,356.0100,27494374
2019-08-16,333.6800,337.3990,319.5500,330.4500,19964197
2019-08-09,332.4600,339.0800,324.5700,337.5500,20492849
2019-08-02,344.9900,351.2850,332.3200,339.5600,25004935
2019-07-26,376.9400,382.4800,342.0000,345.0000,29174796
2019-07-19,360.5000,378.4000,359.0200,377.3600,25904227
2019-07-12,350.4100,365.4500,347.9000,365.3300,19689311
2019-07-05,364.8800,365.2300,351.4300,355.8600,15559981
2019-06-28,372.9500,378.9800,361.5700,364.0100,23587790
2019-06-21,348.6200,379.3100,347.0500,371.8400,27379738
2019-06-14,356.0000,357.4000,342.7950,347.1600,12881535
2019-06-07,338.2000,355.2800,330.6700,353.7000,16981670
2019-05-31,355.2900,359.3100,341.3600,341.6100,13066357
2019-05-24,353.0000,361.4000,341.1500,354.9000,21776802
2019-05-17,344.5100,359.9900,337.0000,355.0200,28635000
2019-05-10,367.8800,372.4800,347.4700,354.6700,31167125
2019-05-03,378.4900,385.3000,373.2500,376.4600,17348278
2019-04-26,375.6900,384.8000,372.6100,380.7900,29771923
2019-04-18,376.7000,384.6400,373.6800,380.0700,20033439
2019-04-12,376.2000,379.9500,362.9200,379.6400,44680636
2019-04-05,385.8000,398.6600,383.1000,391.9300,37732322
2019-03-29,365.0000,382.1800,362.8900,381.4200,36635332
2019-03-22,370.0000,380.8000,361.5250,362.1700,48807816
2019-03-15,371.2700,402.6700,363.3300,378.9900,144538799
2019-03-08,443.2200,444.5000,415.5000,422.5400,21663243
2019-03-01,427.4900,446.0100,424.2500,440.6200,20570906
2019-02-22,415.5000,424.4700,414.5400,424.0500,13054333
2019-02-15,408.1000,418.0500,402.6900,417.9700,16130543
2019-02-08,388.9700,413.8800,388.1200,404.9100,26625325
2019-02-01,360.6500,392.8000,357.5000,387.4300,31541045
2019-01-25,362.8600,366.9400,353.6700,364.2000,13253232
2019-01-18,348.2000,367.3156,347.0100,364.7300,16675227
2019-01-11,330.5200,354.3600,323.3500,352.9000,21497591
2019-01-04,320.5000,328.4400,309.4000,327.0800,17004221
2018-12-28,300.6500,321.5300,292.4704,316.3800,16344989
2018-12-21,316.9100,333.4800,304.0100,304.5500,28731287
2018-12-14,321.2700,334.4900,315.5100,318.7500,16937914
2018-12-07,364.3100,369.0000,317.3000,323.2200,25591876
2018-11-30,315.5600,347.5800,310.6600,346.7600,23132208
2018-11-23,335.5500,336.0400,296.6100,312.3200,19659076
2018-11-16,370.2100,370.4800,331.1600,335.9500,20782698
2018-11-09,359.7600,373.7000,356.4800,369.3400,14083400
2018-11-02,360.5500,371.5400,328.6300,357.7500,25201970
2018-10-26,357.8500,364.6000,342.8260,359.2700,23172548
2018-10-19,359.4600,368.5700,354.2050,356.2600,14787017
2018-10-12,383.8400,386.8200,352.2600,360.1100,23996285
2018-10-05,375.1600,394.2800,375.0000,386.4700,20897262
2018-09-28,371.0000,374.2200,364.3200,371.9000,14094347
2018-09-21,359.2800,372.5650,354.5400,372.2300,21466532
2018-09-14,349.4900,362.2600,337.3100,359.8000,15802006
2018-09-07,341.6000,353.3500,339.2800,349.2800,13166434
2018-08-31,352.1100,355.6800,341.5800,342.7900,13325458
2018-08-24,348.6000,355.8700,345.4628,349.3800,12456721
2018-08-17,339.6000,348.5000,328.0300,346.4000,16630253
2018-08-10,347.3700,352.1200,336.4500,339.4100,12900927
2018-08-03,361.9900,362.4500,345.6700,348.4400,13468125
2018-07-27,355.0000,364.5400,345.5000,360.6500,18586288
2018-07-20,353.9700,361.8600,352.3500,354.9000,13239216
2018-07-13,337.5000,351.2400,336.5100,350.7900,13776105
2018-07-06,330.6900,339.6888,329.1000,334.6400,8851205
2018-06-29,332.5200,341.4200,327.2900,335.5100,19196264
2018-06-22,353.1900,357.6450,336.1952,338.9100,22106967
2018-06-15,371.0000,373.3299,353.4700,357.8800,22762005
2018-06-08,358.9700,374.4800,358.8500,369.5000,17817173
2018-06-01,357.7100,360.9700,350.6600,356.7200,14138895
2018-05-25,358.4600,365.0000,351.6200,360.0900,23068067
2018-05-18,344.0000,352.0500,340.2500,351.2300,14570348
2018-05-11,335.2300,348.5700,335.2100,342.4600,18805870
2018-05-04,341.1700,342.5800,319.1250,334.4300,21509137
2018-04-27,339.5500,347.6700,323.2800,340.8800,29501313
2018-04-20,332.3400,342.4100,327.6250,338.6700,16445470
2018-04-13,332.2500,339.6700,322.0500,329.2800,24181887
2018-04-06,325.2000,338.9599,311.8800,326.1200,29977404
2018-03-29,330.4800,334.8800,311.1700,327.8800,19744753
2018-03-23,327.4500,341.9100,318.3216,321.0000,30407704
2018-03-16,355.2000,355.2300,322.3000,330.4700,42091933
2018-03-09,338.0000,355.2100,336.6100,354.5200,25182571
2018-03-02,359.5000,371.6000,335.3000,344.6700,33093586
2018-02-23,352.0000,360.8100,351.4000,356.6600,16078163
2018-02-16,336.5700,359.5000,335.1300,355.0400,26169289
2018-02-09,342.6700,353.5900,317.3900,332.8300,47174096
2018-02-02,341.2300,361.4500,334.1600,348.9100,30493900
2018-01-26,335.2900,345.9800,332.0400,343.2200,25077971
2018-01-19,339.9000,352.2300,331.3300,337.7300,38004972
2018-01-12,308.6600,336.8800,305.7500,336.2100,25126634
2018-01-05,295.7500,308.8900,295.3960,308.8400,16135607
2017-12-29,295.5400,297.4400,294.6500,294.9100,5939172
2017-12-22,295.0800,299.3300,293.0100,295.1000,14895242
2017-12-15,286.2100,297.3700,279.9000,293.9400,24853990
2017-12-08,276.1600,287.3200,274.0046,285.9000,19258384
2017-12-01,265.3800,278.7300,264.7200,271.3800,16039680
2017-11-24,263.0000,267.4800,262.7600,265.8800,6835123
2017-11-17,261.6700,265.0400,260.1500,262.2600,11812074
2017-11-10,262.6200,267.6200,259.5626,260.8500,13797791
2017-11-03,255.4500,263.7900,255.3300,261.7500,13755875
2017-10-27,265.1300,267.2100,254.5000,256.4600,21281730
2017-10-20,261.5000,264.8272,256.0300,264.7500,12886488
2017-10-13,259.0000,263.7900,257.1100,260.7400,12561982
2017-10-06,254.6500,258.9900,253.5301,258.5800,15409157
2017-09-29,256.9700,258.7700,251.1700,254.2100,14489361
2017-09-22,249.9700,259.3000,248.9100,256.4500,19140101
2017-09-15,239.5000,249.9500,237.0900,249.0000,24743990
2017-09-08,240.3000,240.3600,234.2900,238.7800,14145912
2017-09-01,236.2200,242.5300,234.6110,240.3300,15001564
2017-08-25,235.7700,239.8900,234.3500,235.8900,12514833
2017-08-18,236.0100,240.2600,234.5664,235.7700,14270162
2017-08-11,237.6000,241.4300,230.9400,234.8800,23523933
2017-08-04,241.8500,246.4900,236.0400,237.7100,26522020
2017-07-28,212.0000,242.6800,211.4000,241.2700,34717772
2017-07-21,208.7300,212.2014,207.5300,212.1400,10912619
2017-07-14,202.3200,208.7300,202.1900,208.5100,13318292
2017-07-07,198.0700,203.2800,197.7500,202.3700,9963543
2017-06-30,202.7700,204.3900,196.4500,197.7500,12069094
2017-06-23,197.8800,202.3500,197.0000,202.2300,16164097
2017-06-16,190.3000,197.9500,188.0500,196.4400,16609897
2017-06-09,190.0700,191.0700,186.3926,190.0300,13197715
2017-06-02,186.7600,191.7000,184.5300,190.2300,12920955
2017-05-26,183.7800,187.6050,182.5200,186.5900,11491004
2017-05-19,183.3000,184.1100,175.4710,180.7600,15127182
2017-05-12,185.3800,187.2050,178.1800,183.2500,17970704
2017-05-05,184.2300,185.0700,181.8000,185.0100,13145174
2017-04-28,181.7500,184.9300,180.1100,184.8300,16622278
2017-04-21,175.8400,180.9300,175.6500,180.3800,13016652
2017-04-13,179.0000,179.9700,175.5639,175.6200,9521827
2017-04-07,177.0800,180.1800,175.5000,178.8500,12977911
2017-03-31,174.3700,178.4900,173.7500,176.8600,10573815
2017-03-24,180.1000,180.2500,174.7687,175.8200,12200680
2017-03-17,177.1600,180.3835,177.0700,180.1000,17552863
2017-03-10,181.4000,182.8400,177.9200,178.7000,16713564
2017-03-03,178.0000,185.7100,177.5500,182.1800,21986618
2017-02-24,173.9200,178.8000,173.6800,177.4400,14763417
2017-02-17,166.4500,173.2500,166.3500,172.7100,18431007
2017-02-10,162.4200,167.4199,162.3800,166.2300,16533575
2017-02-03,165.9200,165.9900,160.8200,162.4000,20717488
2017-01-27,158.9400,170.0000,157.2900,167.7000,25657473
2017-01-20,158.2000,160.3000,156.7500,159.5300,11333509
2017-01-13,159.0000,159.9400,156.6700,158.8300,13699116
2017-01-06,156.3000,159.7000,155.2100,159.1000,11836969
2016-12-30,158.4100,158.4800,154.9600,155.6800,7500477
2016-12-23,155.1600,158.9900,155.0700,157.8100,13690019
2016-12-16,156.0000,160.0700,153.0600,154.5000,22313083
2016-12-09,153.2400,156.8750,150.0200,156.4900,14924195
2016-12-02,149.0000,153.0800,148.3150,152.2500,17614554
2016-11-25,147.2100,150.8100,146.5200,150.0400,10628394
2016-11-18,148.2100,150.0900,144.4600,146.3500,17771215
2016-11-11,141.5000,149.3400,141.2924,148.5200,21637768
2016-11-04,143.0500,143.9000,138.8038,139.5400,14331761
2016-10-28,136.4100,146.2300,136.4100,143.0100,34784889
2016-10-21,133.5000,136.9500,133.3300,135.6300,8138084
2016-10-14,134.5890,136.8700,131.3900,133.5000,15075708
2016-10-07,131.2800,135.0000,130.7400,133.8500,16316525
2016-09-30,131.0700,132.7800,129.8600,131.7400,11244818
2016-09-23,127.5000,132.4800,127.2700,131.7800,14617847
2016-09-16,126.8780,130.6800,126.3100,126.7000,26401053
2016-09-09,131.6300,133.0800,128.5200,128.5300,13861433
2016-09-02,132.7200,133.5800,128.3600,131.1600,14894785
2016-08-26,134.3000,136.3700,131.8200,132.2300,12031028
2016-08-19,133.7000,135.9600,133.4000,134.4400,12379941
2016-08-12,132.1400,133.7800,131.7100,133.1000,12898154
2016-08-05,133.2100,134.2300,130.9550,131.7300,14712304
2016-07-29,133.1800,139.4500,132.3000,133.6600,22104513
2016-07-22,132.3800,135.6700,130.5700,133.4700,17096386
2016-07-15,130.8400,133.2500,129.3700,132.3900,18229543
2016-07-08,128.4300,130.4600,123.9600,130.0900,15458434
2016-07-01,125.6800,130.3400,122.3500,129.6900,22964711
2016-06-24,131.3600,134.5500,126.2100,126.5200,23633807
2016-06-17,130.7900,131.7650,126.9000,129.8200,21492365
2016-06-10,127.6000,133.8200,127.4500,131.1400,22943387
2016-06-03,129.8800,129.9800,124.7800,127.3800,21859673
2016-05-27,127.4000,129.8965,125.8800,129.2200,19365284
2016-05-20,131.6300,134.4900,127.0850,127.3900,19617109
2016-05-13,132.8000,135.2400,131.8200,132.1200,18650663
2016-05-06,134.3800,135.0000,130.5300,133.2600,17737974
2016-04-29,130.4500,137.8900,129.3100,134.8000,26286641
2016-04-22,130.6400,133.8500,128.4900,131.0500,21443526
2016-04-15,128.2500,131.9499,126.6800,131.1300,20896680
2016-04-08,126.5400,130.0200,125.5800,127.8800,22229539
2016-04-01,132.5300,132.7300,125.1100,126.9600,28296307
2016-03-24,133.4600,136.7800,130.0300,132.1200,19593298
2016-03-18,123.9300,134.6800,123.8600,133.9600,28064317
2016-03-11,120.8000,125.5000,120.5700,124.6300,20489563
2016-03-04,118.1200,122.2300,117.5000,121.0700,21282711
2016-02-26,116.5500,119.4500,112.5100,118.1600,23973286
2016-02-19,109.7300,118.2300,109.0000,115.1600,27614355
2016-02-12,120.6700,121.3300,102.1000,108.6300,62181030
2016-02-05,119.6400,124.9100,117.1500,122.5600,34839682
2016-01-29,124.6000,128.1500,115.0200,120.1300,57820213
2016-01-22,127.0600,127.2200,119.8200,124.6100,23918968
2016-01-15,130.8500,132.8800,124.5100,125.6300,27979022
2016-01-08,141.3800,141.7000,129.8000,129.9900,26111644
2015-12-31,143.2600,148.0000,142.8450,144.5900,8837401
2015-12-24,140.2100,144.0700,139.7000,143.5300,11076803
2015-12-18,144.5000,149.8000,138.8900,139.5800,26226150
2015-12-11,148.3000,149.5000,142.2710,144.6200,20526036
2015-12-04,146.9700,149.4000,144.2800,148.5000,16170030
2015-11-27,149.3900,149.7000,146.6800,146.9500,8943651
2015-11-20,142.5800,150.5850,142.3300,149.4000,14219189
2015-11-13,146.9000,147.4800,141.5900,142.5900,13953926
2015-11-06,148.3800,149.4700,146.0100,147.9400,12596853
2015-10-30,146.2100,149.6000,145.1400,148.0700,17972237
2015-10-23,137.6000,147.7500,136.3900,146.7000,28868470
2015-10-16,139.9300,141.0700,133.5800,137.6000,22570519
2015-10-09,132.2800,140.2399,131.3500,139.7000,16832230
2015-10-02,130.4400,132.5900,127.4700,132.5600,15963350
2015-09-25,136.4200,137.4500,127.1800,131.0100,20279615
2015-09-18,134.7200,139.9100,133.7250,136.0900,19364011
2015-09-11,132.2700,136.2500,132.0000,134.6700,13779990
2015-09-04,132.3700,132.7000,126.9400,129.7600,21938673
2015-08-28,123.6400,135.5000,115.1400,133.2400,33264440
2015-08-21,144.6000,145.2140,131.4600,131.7100,23203022
2015-08-14,143.7900,146.7700,139.8600,145.0900,18705835
2015-08-07,144.4400,145.6000,141.7000,142.4200,13381670
2015-07-31,143.2200,144.9200,139.5100,144.1700,16737503
2015-07-24,147.1100,149.1800,143.9800,144.0600,20274164
2015-07-17,145.9600,148.7999,145.6001,146.8400,13872856
2015-07-10,139.0200,145.1900,139.0000,144.4800,13850760
2015-07-02,140.9600,141.5200,138.4400,140.2100,12566359
2015-06-26,146.0700,146.4500,141.8900,142.4800,14240407
2015-06-19,142.0400,146.5300,141.2777,145.1300,16420150
2015-06-12,140.2400,143.9800,139.9000,142.8000,13508318
2015-06-05,141.4500,145.0590,140.0500,140.7300,19094451
2015-05-29,144.3400,145.2900,140.3200,140.5200,15609279
2015-05-22,146.8800,147.7700,144.8000,144.8100,13177968
2015-05-15,145.5500,148.3000,144.0100,146.8800,17056400
2015-05-08,143.8500,145.9400,140.4300,145.4600,29897210
2015-05-01,148.5900,149.0000,142.7500,144.6700,22196469
2015-04-24,151.0600,154.0900,148.0200,148.4000,24379928
2015-04-17,153.7900,155.5000,149.4400,149.6000,16791462
2015-04-10,148.1500,154.9633,148.0000,154.3800,17583757
2015-04-02,150.0800,153.1700,146.8200,149.2800,13814379
2015-03-27,154.9800,154.9800,145.9600,148.8500,16323249
2015-03-20,152.3900,155.9900,152.1100,154.5000,16724700
2015-03-13,153.3000,155.6100,149.7900,151.5700,17199846
2015-03-06,150.7500,156.9100,150.7500,153.1200,24638292
2015-02-27,155.0000,155.9200,150.4500,150.8500,27297547
2015-02-20,148.7200,158.8300,148.5200,158.3100,21091108
2015-02-13,146.1600,149.8401,145.6300,149.7300,17926677
2015-02-06,143.7200,148.8900,143.0500,148.0000,26186014
2015-01-30,135.0000,148.2500,130.7400,145.3700,49928151
2015-01-23,131.4500,136.2100,129.4501,134.6200,14840626
2015-01-16,132.2400,133.9100,128.9500,130.7800,18908982
2015-01-09,129.6600,132.2600,126.1800,131.5400,21127768
2015-01-02,131.7200,132.7300,129.0900,129.9500,12172176
2014-12-26,126.7300,132.3300,126.7300,131.6300,11584905
2014-12-19,121.4000,127.4200,120.6000,126.2300,35051045
2014-12-12,132.0200,132.0700,120.5800,120.7700,25958881
2014-12-05,134.3100,134.4000,130.9180,132.2100,16392308
2014-11-28,133.4500,135.7800,133.4400,134.3600,13213071
2014-11-21,128.7000,133.3600,127.5500,132.7800,22770525
2014-11-14,124.8700,129.7790,123.8000,128.8600,20802774
2014-11-07,125.3500,126.7100,123.3700,124.4500,15616669
2014-10-31,122.1300,125.8900,121.2600,124.9100,17592023
2014-10-24,123.3900,128.0000,121.0600,122.2400,34420418
2014-10-17,122.0500,123.8700,116.3200,123.2400,24835654
2014-10-10,127.0900,127.1899,121.5000,121.5000,18954347
2014-10-03,127.2100,129.5300,123.8381,126.3600,19058863
2014-09-26,129.3700,129.8700,126.9600,128.6900,14066952
2014-09-19,126.9200,129.7000,125.6900,129.3500,18121900
2014-09-12,125.9000,128.6800,125.9000,126.9500,19053800
2014-09-05,125.6200,126.7500,124.1000,124.6900,16431600
2014-08-29,128.0800,129.1300,126.0500,126.8000,13814300
2014-08-22,123.5800,127.8000,123.5700,127.4600,16433500
2014-08-15,121.1500,124.6900,120.0100,123.1600,17152300
2014-08-08,120.8000,121.9782,117.8700,120.6300,25999400
2014-08-01,123.4400,124.5600,119.6400,120.3800,24568700
2014-07-25,127.3000,130.0100,122.4100,123.2000,36595800
2014-07-18,128.9100,130.5800,125.7900,127.6400,23840600
2014-07-11,128.1000,129.5000,125.1158,128.0900,24035200
2014-07-03,127.9100,128.6200,126.2000,128.5100,14341900
2014-06-27,132.3200,132.5300,126.2800,128.5400,24299500
2014-06-20,132.2000,134.0800,131.0300,132.1000,18124400
2014-06-13,138.2500,138.3900,131.5500,132.2900,16715900
2014-06-06,135.5000,138.2500,134.5900,138.2500,13901400
2014-05-30,133.0900,135.4400,132.8700,135.2500,10689300
2014-05-23,130.4200,132.5793,129.0700,132.4100,11901900
2014-05-16,131.8200,133.9700,130.0300,130.8100,15864700
2014-05-09,129.0000,132.3800,128.9500,131.1000,16491600
2014-05-02,128.2000,130.4000,125.8000,129.9400,17038700
2014-04-25,128.0500,131.5000,127.3701,128.6600,21661200
2014-04-17,123.0800,128.3700,122.1300,127.9200,12108700
2014-04-11,127.1900,128.1750,121.9200,122.0700,19377200
2014-04-04,125.3600,129.9200,124.8000,127.3800,17310100
2014-03-28,123.5300,125.3200,121.8000,124.4600,16758300
2014-03-21,123.9700,125.8200,121.3700,122.5800,27780400
2014-03-14,126.5100,127.2800,121.6300,123.1100,28038900
2014-03-07,127.1800,131.0000,126.5200,128.5400,22258800
2014-02-28,128.3800,130.8000,126.2100,128.9200,25759200
2014-02-21,130.1300,130.9399,127.5100,128.2800,19422300
2014-02-14,128.9600,130.6900,126.3500,130.1600,30857400
2014-02-07,124.2400,127.2100,118.7700,127.0200,43947900
2014-01-31,136.7000,138.4600,123.0800,125.2600,45796300
2014-01-24,141.4600,144.5710,136.3200,136.6500,17977500
2014-01-17,141.5500,142.1400,137.8010,140.4600,22380400
2014-01-10,139.4000,142.8000,137.8000,141.9000,21273100
2014-01-03,137.1600,138.5000,135.5100,137.6200,11043600
2013-12-27,137.6900,138.8800,136.1400,136.9000,8514200
2013-12-20,134.2700,138.1000,132.8400,136.6700,24996600
2013-12-13,135.4900,135.9497,131.9000,133.8300,17975700
2013-12-06,134.9900,135.7500,130.5500,135.1800,22694000
2013-11-29,134.0100,136.2999,130.5800,134.2500,16414300
2013-11-22,140.2500,142.0000,131.2000,135.9700,29738500
2013-11-15,133.1400,136.5650,131.1022,136.0800,17165000
2013-11-08,133.7500,134.5800,130.5900,133.4900,20350400
2013-11-01,128.7500,133.5000,128.6400,133.0300,21900800
2013-10-25,122.6900,131.4290,121.0600,131.1900,28849200
2013-10-18,117.4200,122.8600,116.6900,122.5200,18442800
2013-10-11,115.5100,119.4000,113.3400,117.9800,23259100
2013-10-04,117.3500,118.3000,114.7300,117.2000,18238600
2013-09-27,117.1500,119.8900,115.8000,118.7400,19706100
2013-09-20,113.7300,120.3800,113.2600,116.6300,33862200
2013-09-13,106.5800,111.3300,106.5550,111.3300,18339500
2013-09-06,105.1300,107.3799,104.6200,106.0700,13353000
2013-08-30,105.7500,106.5200,102.5700,103.9200,15492800
2013-08-23,103.0000,105.5000,102.8800,105.4800,16480600
2013-08-16,104.8600,106.5500,101.7700,103.4700,19718700
2013-08-09,107.1400,107.8000,104.8760,105.3300,18985600
2013-08-02,103.5200,107.9500,103.5000,107.9000,22689300
2013-07-26,107.2700,109.4900,105.3075,105.6000,26457100
2013-07-19,103.8300,107.9800,103.1000,106.9600,36979200
2013-07-12,104.0000,108.1500,98.9900,101.8700,61008800
2013-07-05,102.9300,104.2000,100.7800,104.2000,14801600
2013-06-28,99.0600,103.5200,96.3085,102.4400,26420600
2013-06-21,102.6900,104.1500,97.4200,99.9800,29883600
2013-06-14,102.5100,103.2200,100.6100,101.8300,18149000
2013-06-07,99.3600,102.5900,98.0500,102.4900,25258300
2013-05-31,100.8500,101.4700,98.9000,99.0200,19144900
2013-05-24,99.1200,100.5800,97.0600,100.0000,33072300
2013-05-17,94.1200,99.0400,94.1000,98.9200,25459200
2013-05-10,93.4400,95.1500,93.3600,94.2400,20163600
2013-05-03,91.4000,93.9500,90.7250,93.7400,24762400
2013-04-26,88.0800,93.3800,86.4410,92.8500,28287800
2013-04-19,88.4400,88.7700,85.7500,87.9600,22454000
2013-04-12,86.0400,89.4600,85.3800,88.8900,23679700
2013-04-05,85.6000,86.3000,83.8000,86.1700,20979100
2013-03-28,85.0300,86.8400,84.3400,85.8500,16681800
2013-03-22,85.0700,86.1400,84.1800,84.8200,20482600
2013-03-15,81.0100,86.4900,80.9602,86.4300,32672200
2013-03-08,76.9500,81.9500,76.1700,81.2300,29529500
2013-03-01,76.8300,77.9250,75.0300,77.2800,27150600
2013-02-22,74.9900,77.0300,74.2700,76.6600,24263600
2013-02-15,76.4200,76.4400,74.5400,75.0300,19069100
2013-02-08,74.2900,77.5400,74.2500,76.5600,30221000
2013-02-01,73.9000,75.0700,73.0000,74.8700,41492700
2013-01-25,74.1200,75.5399,73.4500,75.0300,30402200
2013-01-18,75.2300,76.9800,72.6800,75.0400,61011900
2013-01-11,77.5400,77.6900,73.1100,75.1600,53191600
2013-01-04,74.6100,78.0200,74.0000,77.6900,17394100
2012-12-28,75.8900,76.5599,74.5600,74.6900,11654000
2012-12-21,74.2000,76.2400,73.5300,76.1700,28811300
2012-12-14,74.6200,76.0500,73.8710,74.0200,25662300
2012-12-07,74.4100,74.7100,72.9300,74.6400,18981500
2012-11-30,73.4000,74.8600,73.1500,74.2800,20170800
2012-11-23,71.4900,73.8600,71.0800,73.7400,11335700
2012-11-16,73.4100,74.2500,70.2900,70.7700,28638500
2012-11-09,69.8700,73.3000,69.3000,73.2500,33065400
2012-11-02,71.3500,71.5600,69.9600,70.0500,12171900
2012-10-26,73.8000,75.0000,70.5500,71.1100,29891800
2012-10-19,71.8500,74.2600,71.6800,74.0100,23540000
2012-10-12,70.7200,72.2400,70.2300,71.8500,18126800
2012-10-05,69.8600,71.2500,69.2000,70.8900,16756300
2012-09-28,69.4500,70.5500,69.1800,69.5950,22585400
2012-09-21,70.7700,70.8200,69.0300,69.9700,35637000
2012-09-14,72.3100,72.4300,70.4400,71.2800,28550900
2012-09-07,71.5000,73.2700,70.4000,72.8900,16302500
2012-08-31,70.9500,71.9900,70.5000,71.4000,15819400
2012-08-24,73.6100,74.3600,70.0200,71.0900,24643400
2012-08-17,73.7100,74.4400,72.7500,73.9100,14313300
2012-08-10,73.2100,74.6900,72.7100,74.2100,17117800
2012-08-03,74.6000,75.5900,71.1500,72.8100,22877900
2012-07-27,72.3100,75.9600,71.3500,75.5100,22444600
2012-07-20,73.1300,75.1050,72.0400,73.8900,17761600
2012-07-13,74.2700,75.0500,70.8500,73.5100,24602400
2012-07-06,74.2100,74.7400,72.4500,73.6900,13177700
2012-06-29,71.8100,74.3700,70.4800,74.3000,16947600
2012-06-22,71.6900,73.6200,71.0700,71.9600,17997700
2012-06-15,70.6100,72.8200,69.8000,71.9900,26679000
2012-06-08,68.1500,70.3300,66.8200,69.9400,21213800
2012-06-01,70.2800,70.5000,67.1400,67.2400,18434600
2012-05-25,70.4600,72.2100,69.6600,70.0000,21307700
2012-05-18,72.8900,73.7900,68.9300,69.1500,22255700
2012-05-11,75.7900,76.0800,73.2500,73.5600,17653500
2012-05-04,76.5100,77.8301,75.5000,75.8400,19843400
2012-04-27,72.6900,77.5700,72.1700,77.2700,28181200
2012-04-20,72.9800,74.3600,72.3000,73.5500,18425600
2012-04-13,72.6300,73.8300,70.5900,72.9200,20150200
2012-04-05,74.0000,75.4750,73.2999,73.5900,12721200
2012-03-30,74.5200,75.2900,72.9500,74.3700,17430100
2012-03-23,75.0000,75.6900,73.3700,73.9700,18151700
2012-03-16,73.2000,75.8100,73.2000,75.2000,24593200
2012-03-09,74.9500,74.9800,72.3000,73.2900,23308600
2012-03-02,75.6900,75.7800,74.6315,74.9000,19828300
2012-02-24,75.6700,76.6400,75.0800,76.0600,15277100
2012-02-17,75.5001,76.0000,74.7500,75.3500,22281000
2012-02-10,75.2600,76.2300,74.3000,74.9500,21804000
2012-02-03,73.9900,76.7400,73.6810,76.3400,21117100
2012-01-27,75.6600,76.7000,72.8500,74.5500,32017500
2012-01-20,75.3000,76.0000,74.7700,75.5200,17839200
2012-01-13,74.8100,75.6900,74.1600,74.6000,20750300
2012-01-06,74.7000,75.0000,72.7400,73.9800,23360000
2011-12-30,73.6800,74.6000,73.0300,73.3500,10666000
2011-12-23,71.2000,74.7400,69.9100,73.9700,23880300
2011-12-16,71.5100,72.6500,69.7200,71.0100,31950200
2011-12-09,72.2800,72.7600,69.6400,71.9300,30793800
2011-12-02,64.5300,71.9800,64.5300,71.3000,37810900
2011-11-25,66.3200,66.4500,62.1200,62.7800,19498500
2011-11-18,68.8900,68.9700,65.4100,67.4600,31009800
2011-11-11,65.7100,67.2600,64.3300,66.9200,22455800
2011-11-04,67.1200,67.4900,62.3700,65.8000,29979300
2011-10-28,64.4100,68.7600,63.5500,68.1700,39130400
2011-10-21,63.3400,64.6400,61.3300,64.5900,28432600
2011-10-14,62.8700,65.2300,62.7500,63.8900,19920400
2011-10-07,60.1000,62.9600,56.9000,61.8100,33062700
2011-09-30,60.8000,64.2847,60.0000,60.5100,29696100
2011-09-23,64.0800,64.6400,57.5300,59.5100,31080700
2011-09-16,60.7800,65.7500,60.3300,65.3800,28777200
2011-09-09,61.9100,65.2100,61.2200,61.7900,24291300
2011-09-02,63.9900,67.7300,63.6000,64.0300,29000100
2011-08-26,59.1400,62.9660,58.0350,62.8000,30881700
2011-08-19,62.0600,62.9800,57.4700,57.5400,37376900
2011-08-12,61.1000,62.4600,56.0100,61.7500,66855300
2011-08-05,71.6100,71.6300,61.4100,62.7500,41707000
2011-07-29,71.3800,73.2000,69.2500,70.4700,32270000
2011-07-22,70.6600,73.3000,69.0700,72.6700,29977900
2011-07-15,74.1700,74.7300,70.8500,71.2800,24609400
2011-07-08,74.1700,76.2000,73.8500,75.0700,15916200
2011-07-01,71.4400,74.7300,71.3300,74.2700,19673000
2011-06-24,73.9600,75.0200,70.2900,71.2600,30662600
2011-06-17,73.0600,75.5100,72.6900,74.1600,25377500
2011-06-10,74.7600,75.2700,72.6100,72.6900,18570200
2011-06-03,77.8000,78.3500,74.0900,74.8400,17811000
2011-05-27,76.5500,77.5000,75.1300,76.9900,19084700
2011-05-20,78.6600,78.8100,75.8300,77.5200,19967000
2011-05-13,79.3100,80.4200,78.4800,79.0300,18352200
2011-05-06,80.3500,80.6500,78.0900,79.3100,25381200
2011-04-29,75.5100,80.3400,74.6800,79.7800,30497600
2011-04-21,72.7200,75.7400,71.7500,75.4400,20090900
2011-04-15,73.6500,74.2800,70.8800,72.6000,19482300
2011-04-08,73.3800,74.8500,72.7100,73.4700,21191200
2011-04-01,73.5000,74.8500,73.0300,74.0100,20582000
2011-03-25,70.2900,73.5000,70.0350,73.3400,24412400
2011-03-18,71.1700,71.2300,67.3400,69.1000,29719400
2011-03-11,71.6000,72.5000,69.9100,71.6400,25529400
2011-03-04,72.4700,72.9000,68.6000,71.8000,27514800
2011-02-25,72.3500,74.2900,70.0000,72.3000,26254800
2011-02-18,72.7000,73.5200,71.0900,73.0400,21340300
2011-02-11,71.4300,72.9900,71.1500,72.1400,21795900
2011-02-04,69.2600,71.6400,69.1242,71.3800,22760500
2011-01-28,71.5200,72.8200,69.0000,69.2300,34914800
2011-01-21,70.8600,72.9900,70.2300,71.6800,29571800
2011-01-14,69.4200,70.5000,68.3500,70.0700,23368400
2011-01-07,66.1500,70.1000,66.0000,69.3800,36247000
2010-12-31,64.7300,65.2900,64.3300,65.2600,12168600
2010-12-23,64.7400,65.1400,62.8200,65.0600,23388800
2010-12-17,64.2300,65.2850,63.6300,65.0300,28612700
2010-12-10,66.4100,67.3900,63.9600,64.1600,24108400
2010-12-03,64.3300,66.8000,63.4400,66.5400,25830900
2010-11-26,63.0200,65.5800,62.8000,64.8000,20961800
2010-11-19,63.3500,64.7400,61.8400,63.5900,49156800
2010-11-12,70.0600,70.5500,63.0100,63.0900,46009000
2010-11-05,70.7100,71.8900,68.0400,71.2700,23715900
2010-10-29,71.6800,72.4900,69.7100,70.6400,19467700
2010-10-22,70.1900,71.9400,68.3500,71.2600,25064700
2010-10-15,69.5100,72.1700,68.9100,70.1100,23372700
2010-10-08,66.5700,69.7100,65.8600,69.2300,25147000
2010-10-01,64.6100,67.9800,62.9400,66.8300,24895900
2010-09-24,62.9900,64.8600,62.5300,64.6000,21449500
2010-09-17,64.7300,64.9800,61.8900,62.9500,29451900
2010-09-10,64.2500,65.6300,62.9500,63.8400,13678600
2010-09-03,63.0000,65.4200,60.8000,64.6400,21214900
2010-08-27,65.0900,65.2400,59.4800,63.1600,30747300
2010-08-20,64.2700,66.9100,63.5900,64.6000,18216500
2010-08-13,69.1700,69.4700,64.4400,64.8400,19774100
2010-08-06,69.0100,70.0000,67.3600,68.7000,21875900
2010-07-30,68.1500,69.7500,66.4700,68.1400,27544700
2010-07-23,62.7200,68.1700,61.8300,67.9300,27155300
2010-07-16,64.5500,65.7800,61.6800,61.9000,27415500
2010-07-09,62.7100,65.2000,60.6500,64.6600,17863500
2010-07-02,68.4300,68.6200,61.1700,61.9400,31855600
2010-06-25,68.9500,69.3400,65.6510,68.7700,35490500
2010-06-18,66.2200,68.1436,64.7100,67.9600,26703200
2010-06-11,61.6900,65.7000,59.8400,65.3800,34981200
2010-06-04,64.2700,65.2000,60.9300,61.1525,22910800
2010-05-28,63.6600,65.4100,60.6100,64.1800,33668800
2010-05-21,70.3600,70.3720,61.3900,64.5600,45451500
2010-05-14,69.9600,73.3700,68.9800,69.8200,33627800
2010-05-07,72.6200,74.7000,62.0000,66.7200,39842000
2010-04-30,74.5800,75.2900,71.3400,72.4300,26574600
2010-04-23,70.2700,76.0000,70.1600,75.1300,35285500
2010-04-16,72.1500,72.6100,69.8800,70.7900,23256300
2010-04-09,72.9900,73.1800,70.9500,72.4200,28324500
2010-04-01,73.0800,74.5300,71.9500,72.9900,23741100
2010-03-26,71.6600,73.4300,71.5100,72.5900,32063700
2010-03-19,69.3700,73.3000,68.2900,70.7200,46363900
2010-03-12,68.0100,70.4900,67.1300,69.8300,35939600
2010-03-05,63.0500,68.0400,63.0000,67.9300,30162500
2010-02-26,63.5800,64.4700,62.0000,63.1600,25377400
2010-02-19,60.4200,64.3400,59.9000,63.5900,20146300
2010-02-12,58.3300,60.7500,57.7800,59.6500,26786600
2010-02-05,60.7400,62.0000,57.1400,58.4000,36429200
2010-01-29,58.3500,63.4000,57.2300,60.6000,40388300
2010-01-22,60.6000,61.2600,57.7000,57.7700,20945800
2010-01-15,61.9500,62.0900,59.9100,60.8200,23916800
2010-01-08,55.7200,62.3100,54.8000,61.6000,45416700
2009-12-31,55.3300,55.5500,54.0500,54.1300,8886600
2009-12-24,53.3600,55.6500,53.3600,55.4800,11391500
2009-12-18,56.0200,56.5600,53.1000,53.4400,34743900
2009-12-11,55.2000,56.3900,54.7200,55.6000,26659600
2009-12-04,52.4300,55.4500,51.7800,54.6800,27218700
2009-11-27,52.5000,53.0000,50.9500,52.4500,12846400
2009-11-20,51.0000,52.6900,50.7500,51.7000,21906400
2009-11-13,50.0100,51.4800,49.7200,50.6800,19594300
2009-11-06,47.8200,49.9800,47.3300,49.6800,24042600
2009-10-30,49.8500,49.9800,47.1800,47.8000,38385900
2009-10-23,53.3200,53.7500,49.5000,49.8900,32377800
2009-10-16,52.6600,53.7200,50.8500,53.1900,24759500
2009-10-09,51.7500,52.7500,51.1500,52.6900,18766900
2009-10-02,51.8200,55.4800,50.1000,51.4000,30774700
2009-09-25,52.6000,53.4000,51.3000,51.5200,20574000
2009-09-18,50.9900,53.2900,50.4400,53.0200,27288200
2009-09-11,49.7300,51.4400,48.8100,51.3500,20207400
2009-09-04,50.1700,50.3800,47.7610,49.1500,32553900
2009-08-28,46.5100,52.5300,45.9730,51.0400,47588600
2009-08-21,43.9900,46.0200,43.1000,45.8700,27956100
2009-08-14,46.4100,46.8700,44.2100,44.8700,29413800
2009-08-07,43.1800,47.2100,42.5100,46.6900,36055300
2009-07-31,42.0000,44.5000,41.4300,42.9100,32890000
2009-07-24,41.7100,43.7100,40.7800,42.3700,45435000
2009-07-17,39.6800,42.4000,39.2600,41.3600,31213000
2009-07-10,40.3800,40.7600,38.9200,39.6500,34900900
2009-07-02,42.1500,43.7900,40.6200,40.9000,27384000
2009-06-26,47.8300,48.0300,41.0900,41.8800,83346300
2009-06-19,50.9000,51.0900,48.0500,48.4400,27091000
2009-06-12,52.4900,53.3900,50.1100,51.4400,39566400
2009-06-05,45.5400,53.2600,45.5400,52.6500,40122400
2009-05-29,42.6100,45.0800,42.5200,44.8500,19317600
2009-05-22,44.2500,45.7400,42.7000,42.9400,25550900
2009-05-15,45.2600,45.6000,42.3800,43.0000,33429000
2009-05-08,41.9000,45.8400,41.5100,45.8300,35481800
2009-05-01,37.9900,41.7400,37.7200,41.2100,35486500
2009-04-24,37.6500,39.0100,35.9350,38.7200,40746900
2009-04-17,36.9700,38.7800,35.8100,38.3200,33405000
2009-04-09,37.4800,39.1800,36.2400,39.1500,26948900
2009-04-03,36.6300,38.1200,34.2100,37.6900,49712400
2009-03-27,33.2000,38.6800,33.0500,37.5300,46012000
2009-03-20,33.7400,34.9600,32.5000,32.5500,50058300
2009-03-13,29.9800,34.1000,29.9600,33.4000,48299200
2009-03-06,30.9600,31.0000,29.0500,30.1000,60827600
2009-02-27,36.7500,36.7900,31.4000,31.4400,52578800
2009-02-20,39.4900,39.7436,35.3200,36.3100,29339200
2009-02-13,42.8000,43.4200,38.5800,40.4800,33119200
2009-02-06,41.7300,43.6700,40.1100,42.9200,37412500
2009-01-30,42.4600,44.4000,40.3700,42.3100,35493700
2009-01-23,42.0800,42.8400,40.0000,41.9800,28916300
2009-01-16,44.2800,44.4500,39.5100,42.4600,36479200
2009-01-09,45.5000,47.0000,43.8800,44.4500,31806000
2009-01-02,40.3800,45.5600,39.5000,45.2500,20879600
2008-12-26,40.6500,41.5600,39.7600,40.5300,15224600
2008-12-19,39.6000,42.3900,38.2000,41.2400,45096500
2008-12-12,40.3500,43.6900,38.2000,39.2000,44612800
2008-12-05,41.6400,42.0000,36.2800,39.5300,39662700
2008-11-28,40.0500,42.8000,38.8900,42.6300,28165600
2008-11-21,40.6100,42.8000,36.1700,39.5800,56532100
2008-11-14,47.3000,48.3100,39.0700,41.0400,43878300
2008-11-07,52.4200,54.6500,45.3500,46.5800,48571000
2008-10-31,45.7000,52.8200,42.2600,52.4200,54447200
2008-10-24,44.7400,47.6920,41.7500,45.2400,49026300
2008-10-17,43.5700,49.4700,39.9900,44.5500,58728400
2008-10-10,51.7700,53.0000,40.0000,41.8000,67810200
2008-10-03,57.5000,58.0000,53.3400,53.8300,39679300
2008-09-26,59.3300,60.4100,56.0100,58.3200,30398400
2008-09-19,61.8100,63.0000,54.2000,59.7600,58126500
2008-09-12,62.4700,65.2200,61.1300,63.3000,36386000
2008-09-05,67.0000,68.4700,61.8900,62.8900,28247700
2008-08-29,64.9100,66.9800,62.8700,65.5600,21462800
2008-08-22,64.5000,65.7100,62.2100,65.5500,26508500
2008-08-15,67.8900,67.9000,63.4500,64.4500,39316600
2008-08-08,62.0800,68.7500,61.1300,67.8600,38733200
2008-08-01,63.8200,64.0600,60.7700,62.0100,35486900
2008-07-25,68.5000,69.5000,62.0500,63.8300,45478400
2008-07-18,64.4000,68.3400,62.0200,68.1400,34672100
2008-07-11,64.6600,67.2300,62.8600,63.2800,39571600
2008-07-03,66.6300,66.7500,63.5400,64.4700,32515600
2008-06-27,76.2300,76.4800,66.3800,66.9200,51464700
2008-06-20,74.7700,77.8000,73.3700,75.8300,37927800
2008-06-13,73.6400,77.0500,72.7600,75.1200,34730800
2008-06-06,82.6100,82.6100,73.0000,73.1600,40001200
2008-05-30,81.6000,83.3000,81.0100,82.7700,16789700
2008-05-23,85.5600,88.2900,80.5500,81.4800,34531400
2008-05-16,84.4000,86.6700,83.2800,85.1700,27705900
2008-05-09,85.3200,86.2100,83.7500,84.0600,21025700
2008-05-02,85.0100,86.5000,84.2800,85.6900,23952500
2008-04-25,78.7100,85.2500,77.7500,84.8400,41958300
2008-04-18,76.6800,79.1000,75.6000,78.6600,26369200
2008-04-11,76.5300,79.9000,74.0400,76.8600,43800800
2008-04-04,74.1700,77.2200,73.4000,75.6500,30156000
2008-03-28,75.2500,76.8800,73.0800,73.4700,27499800
2008-03-20,74.5600,77.0000,72.7200,74.8000,28388700
2008-03-14,76.5000,77.1900,71.5850,76.2300,57110700
2008-03-07,80.0500,81.3200,76.3700,76.6000,37614800
2008-02-29,83.2600,85.1900,82.4000,82.7900,28692600
2008-02-22,86.4500,86.8800,81.7500,83.0400,23602100
2008-02-15,79.4600,86.0600,78.8500,85.1800,31664100
2008-02-08,82.5100,83.3600,78.7100,79.3300,24251900
2008-02-01,77.2900,84.8700,76.4800,82.7600,39794500
2008-01-25,74.9900,79.6700,74.1200,77.0300,36830200
2008-01-18,81.5800,82.4900,76.0000,78.4000,54482700
2008-01-11,86.3000,86.3000,77.8100,80.5200,46047500
2008-01-04,87.7600,88.2800,85.6900,85.8200,16308500
2007-12-28,89.5500,90.3800,87.4800,88.2500,10499600
2007-12-21,88.1000,89.3400,86.2000,89.0700,30293900
2007-12-14,93.0000,93.2500,85.5500,88.4200,47511700
2007-12-07,92.5000,93.6400,89.8500,93.1600,32857100
2007-11-30,90.4600,94.6000,89.8600,92.5400,35920700
2007-11-23,89.6000,89.9200,86.7500,89.5400,28494000
2007-11-16,94.2500,94.4100,89.4500,89.9900,35373900
2007-11-09,97.5900,98.6700,94.0700,94.2100,27403500
2007-11-02,95.7800,98.7100,95.2400,97.7600,34435800
2007-10-26,93.1600,98.9700,92.0000,96.0200,37118100
2007-10-19,95.9800,97.1500,93.0300,93.9000,41984200
2007-10-12,103.2600,103.2600,94.9600,96.6900,58889100
2007-10-05,105.4500,107.1500,101.0900,102.2500,23683500
2007-09-28,103.0000,106.1500,102.4000,104.9900,23514500
2007-09-21,98.8000,103.2300,96.4400,102.5900,32033000
2007-09-14,95.0100,99.5800,94.0500,99.3500,22164900
2007-09-07,96.1000,97.7400,94.0200,94.8400,29871700
2007-08-31,98.0700,98.9500,95.4400,96.7000,21814600
2007-08-24,96.2600,98.9500,94.7500,98.4700,20981300
2007-08-17,99.4600,100.9100,90.0800,95.9300,39457500
2007-08-10,104.4900,104.8500,94.0000,98.4400,37509000
2007-08-03,104.6000,106.5400,103.0000,104.2400,30362300
2007-07-27,104.4800,107.8300,102.2300,103.7100,38212500
2007-07-20,102.0000,104.4200,100.8900,103.8600,20344900
2007-07-13,100.9900,102.4300,99.5600,101.8800,25828000
2007-07-06,96.7200,99.2205,96.2700,98.8800,10111000
2007-06-29,96.0000,96.5700,93.5800,96.1600,22485400
2007-06-22,98.0300,98.5800,95.1700,95.9200,25611200
2007-06-15,98.2500,100.0000,96.1200,98.1500,24316100
2007-06-08,101.0000,101.0000,95.9100,98.1900,18088600
2007-06-01,98.5200,101.4500,97.9600,99.8300,17386300
2007-05-25,96.4200,98.8400,95.3600,98.2500,23572000
2007-05-18,93.4000,97.5000,93.3200,96.6300,20287100
2007-05-11,93.8000,95.0000,92.3800,93.4000,16822100
2007-05-04,94.0200,94.4900,92.5000,93.6100,16539900
2007-04-27,93.9500,95.5800,92.7500,94.0200,26765300
2007-04-20,91.0000,94.7500,89.9300,93.2900,29392300
2007-04-13,90.9700,91.1000,89.4000,91.0300,15146800
2007-04-05,88.9000,90.7400,88.0800,90.5000,12922900
2007-03-30,90.8800,91.0000,88.6500,88.9100,18567000
2007-03-23,90.5000,91.3100,89.4500,90.9800,17150600
2007-03-16,89.0000,91.8700,88.5300,90.0000,24568900
2007-03-09,86.9600,90.0900,86.3900,89.5100,17943000
2007-03-02,90.4800,90.7300,85.2400,87.0300,26028400
2007-02-23,91.5000,92.0000,89.8400,90.2800,14430400
2007-02-16,89.5500,92.0000,88.3000,90.9400,20572500
2007-02-09,90.6000,91.4200,88.5500,90.0000,18802300
2007-02-02,85.0500,92.2400,85.0000,90.0500,29556500
2007-01-26,87.6400,88.1800,84.6000,85.4300,26354800
2007-01-19,88.2500,89.5400,87.2200,88.6300,17756100
2007-01-12,88.3100,89.7100,87.5000,88.1300,19077100
2007-01-05,89.5100,90.3000,87.0100,89.1500,10876500
2006-12-29,88.9500,89.4600,88.3500,88.8400,6628500
2006-12-22,90.7500,90.9000,88.3500,88.7600,13897700
2006-12-15,89.7700,90.9900,89.0800,90.7000,18510200
2006-12-08,89.5500,91.8500,89.1700,90.1300,18673600
2006-12-01,90.0000,90.0500,86.9500,89.5500,25008900
2006-11-24,89.0500,92.0500,88.6200,89.7700,19782400
2006-11-17,85.7000,89.6300,84.7600,89.5200,25389600
2006-11-10,79.9800,86.9800,79.9800,85.6200,35070100
2006-11-03,80.2500,81.0400,79.1100,79.9700,17615000
2006-10-27,81.7300,83.8900,77.7700,79.7400,31208900
2006-10-20,82.3900,83.4600,81.5000,81.7400,14629400
2006-10-13,83.6900,83.8700,80.8900,82.3900,19850000
2006-10-06,79.3500,84.3900,78.8400,83.6800,26199800
2006-09-29,77.7000,80.3500,77.3700,78.8500,21649900
2006-09-22,75.1000,77.7700,74.1500,77.2500,17880300
2006-09-15,72.8100,76.4900,72.1300,75.0100,21075400
2006-09-08,75.7500,76.3000,72.1700,72.8000,14946000
2006-09-01,73.4300,75.9900,72.9000,75.4300,22113300
2006-08-25,77.6200,77.8500,73.5500,73.9300,15576400
2006-08-18,76.6500,79.4300,75.1500,77.6200,17789700
2006-08-11,79.1000,80.8300,75.0700,75.9600,21965800
2006-08-04,78.4600,80.7000,76.5200,79.4900,21087500
2006-07-28,79.4500,84.0600,78.1500,78.9100,24734800
2006-07-21,78.1200,83.0000,77.8000,79.0800,22526100
2006-07-14,80.0300,81.9500,76.8900,77.2500,18193400
2006-07-07,81.5000,81.6700,77.5400,79.9900,13074400
2006-06-30,83.4800,84.2800,80.8300,81.9100,18023100
2006-06-23,85.6500,86.2300,83.1600,83.3900,17723300
2006-06-16,80.6000,85.8500,76.4000,85.5400,34361500
2006-06-09,83.7900,83.9700,79.0100,80.7800,26249600
2006-06-02,83.5000,84.5800,81.2100,83.8000,13497900
2006-05-26,84.4600,86.7000,81.6300,83.5000,20961000
2006-05-19,85.4500,86.9800,82.0600,84.6100,21686800
2006-05-12,88.4800,89.5800,86.9400,87.0100,14933000
2006-05-05,83.4500,88.5500,82.8201,88.4700,16650100
2006-04-28,86.7000,87.2500,83.0100,83.4500,22234100
2006-04-21,83.2000,86.5800,81.8800,86.4600,19666400
2006-04-13,79.6200,84.2300,79.6100,82.9300,15305700
2006-04-07,78.2500,80.3700,77.5000,79.5700,14607700
2006-03-31,78.7300,79.5000,77.3700,77.9300,15380300
2006-03-24,78.5000,79.2000,77.5100,78.7300,15240900
2006-03-17,75.1800,78.0800,74.5000,77.8500,16024700
2006-03-10,73.7000,74.9000,71.9000,74.7900,13469400
2006-03-03,74.0500,74.8900,72.2500,73.3900,12413000
2006-02-24,73.0000,74.6100,72.6500,74.3100,13561800
2006-02-17,71.9500,73.0000,71.8200,72.9600,15140200
2006-02-10,70.6500,72.7600,70.3000,72.5300,17262300
2006-02-03,68.5200,72.3000,68.2000,70.8700,28334300
2006-01-27,65.9000,69.2500,65.9000,68.5600,20095000
2006-01-20,69.0700,69.4000,66.4900,66.5000,14440100
2006-01-13,69.2800,70.4500,68.5700,69.4800,18758600
2006-01-06,70.4000,71.2700,69.0500,69.3500,17526100
2005-12-30,71.9000,72.4000,70.1600,70.2400,8158200
2005-12-23,70.7500,72.0500,69.6000,71.4900,14184700
2005-12-16,70.0000,71.9800,69.5400,70.7500,19877500
2005-12-09,69.4500,70.2200,68.7000,69.6500,19447400
2005-12-02,69.0100,70.0000,68.1800,69.4400,15464300
2005-11-25,68.1300,69.9000,67.9000,69.0600,15599900
2005-11-18,65.2500,68.1900,64.9400,66.9500,23694100
2005-11-11,65.4800,66.1100,64.5200,65.3500,15213000
2005-11-04,65.8000,66.5800,64.2000,65.2800,27117500
2005-10-28,66.5000,67.7800,63.7000,65.6400,28039000
2005-10-21,67.1500,68.9800,65.8300,66.0200,25183500
2005-10-14,67.0600,68.0700,66.2400,67.5000,18553400
2005-10-07,67.9200,68.4800,66.6500,67.3000,17907200
2005-09-30,65.5000,68.2500,64.2400,67.9500,21811200
2005-09-23,64.5000,64.6000,62.0100,63.2000,18727300
2005-09-16,65.1500,65.6900,63.9500,64.8000,18618100
2005-09-09,64.3700,65.6300,64.0000,65.4000,17822200
2005-09-02,66.1000,67.6600,63.9500,64.3400,20154900
2005-08-26,67.3900,68.3800,66.0900,66.3100,14619000
2005-08-19,66.4000,67.7200,66.2100,67.1500,13067900
2005-08-12,66.3000,67.5000,65.6000,66.5400,14557000
2005-08-05,66.3000,66.7700,65.6400,66.1900,11717700
2005-07-29,66.0000,67.9500,65.6000,66.0100,20776500
2005-07-22,64.7500,66.3100,64.2500,66.2000,14232100
2005-07-15,65.2500,65.4900,64.1500,64.7500,12350900
2005-07-08,64.3000,66.1100,63.4500,65.0700,16554300
2005-07-01,60.3500,66.8500,59.7000,64.6800,38091900
2005-06-24,63.9000,64.1000,60.5000,60.5900,17856900
2005-06-17,65.0500,65.3500,62.8500,64.6200,22923400
2005-06-10,64.8800,66.0900,64.0400,64.6500,20909800
2005-06-03,63.0100,64.9900,62.9100,64.6600,15049300
2005-05-27,61.9500,63.4000,61.1200,63.0200,15546400
2005-05-20,59.7000,62.5100,59.5300,61.9000,17536000
2005-05-13,60.7500,62.5000,58.6200,59.5000,28140600
2005-05-06,59.5200,61.2500,58.9000,61.0100,18446900
2005-04-29,58.8000,60.1000,58.1500,59.5200,24451000
2005-04-22,56.6500,59.0800,56.2200,57.8800,17414200
2005-04-15,58.7500,59.8100,57.0000,57.0000,21952200
2005-04-08,58.6000,59.4500,58.0100,58.6000,15990900
2005-04-01,57.3000,59.1200,57.0000,58.7800,19303000
2005-03-24,57.0000,57.7000,56.5800,56.8000,10547400
2005-03-18,57.5000,58.9400,56.5700,57.1600,22252700
2005-03-11,57.5200,58.6800,57.2000,57.4900,21052500
2005-03-04,54.9000,58.7400,54.3700,58.3800,28816600
2005-02-25,52.3500,55.0300,52.0700,54.9900,15793400
2005-02-18,54.0100,54.8200,52.5500,52.7800,17891400
2005-02-11,52.4200,54.4300,52.3000,54.1400,20476200
2005-02-04,50.2500,52.9500,50.0700,52.5800,20198500
2005-01-28,50.3300,51.0000,49.5200,49.9200,17930600
2005-01-21,50.5000,51.9700,50.0100,50.0700,11311100
2005-01-14,50.1300,52.1500,50.1000,50.9100,16385000
2005-01-07,51.8500,52.2500,49.5500,50.3100,18778300
2004-12-31,53.3900,53.6500,51.6200,51.7700,10758200
2004-12-23,53.1000,54.2900,52.7200,53.5300,8134500
2004-12-17,54.3700,54.3700,51.7900,53.1000,18441000
2004-12-10,55.2600,55.2600,52.2000,52.4200,17749600
2004-12-03,54.0200,55.2900,53.2700,55.2600,13890600
2004-11-26,53.7600,54.5000,53.2500,54.0200,10952700
2004-11-19,53.8500,55.4800,53.6100,53.7700,16777000
2004-11-12,51.1500,54.3900,51.0600,53.9300,18966600
2004-11-05,50.1000,52.1000,49.6500,51.1500,20040100
2004-10-29,49.0500,51.2500,48.1000,49.9000,20196500
2004-10-22,50.1900,50.1900,48.3000,49.5100,15667700
2004-10-15,50.1100,51.2800,49.8100,50.1900,13533900
2004-10-08,52.5500,52.8700,49.8900,50.1000,16671700
2004-10-01,52.9000,53.0000,50.5000,52.4800,18826700
2004-09-24,54.7500,55.1900,52.5800,53.1400,14671200
2004-09-17,54.1500,55.2400,53.3300,55.1500,12351800
2004-09-10,53.4000,54.3200,52.6510,54.1500,11700400
2004-09-03,51.9900,53.9500,51.6900,53.1000,11919000
2004-08-27,50.7500,52.8200,50.3500,51.9900,15965200
2004-08-20,49.7200,51.3200,49.6400,50.4600,15529600
2004-08-13,48.8000,49.8000,48.4600,49.7200,14132000
2004-08-06,50.2000,51.4600,48.2700,48.3300,15998600
2004-07-30,47.1000,51.2500,46.8900,50.7500,17140400
2004-07-23,49.3500,49.5300,46.4000,47.0600,17678400
2004-07-16,49.9500,50.6500,48.3400,49.1300,13535700
2004-07-09,49.9000,50.2700,48.8200,50.0400,12775800
2004-07-02,51.3000,51.4900,48.8400,49.5200,15198300
2004-06-25,49.6500,51.3500,49.3300,51.3000,15458400
2004-06-18,48.5000,50.0000,48.3700,49.8000,22016200
2004-06-10,47.5000,48.8300,47.4700,48.7500,15308100
2004-06-04,45.9000,47.2200,45.5100,46.9000,13522500
2004-05-28,44.2200,46.6200,44.0200,45.8000,23241500
2004-05-21,42.7000,44.1100,42.4900,43.4000,11722700
2004-05-14,43.0000,43.8400,42.2900,43.4400,14470500
2004-05-07,43.2500,44.3000,43.0000,43.4000,14214500
2004-04-30,43.1500,44.9000,42.6000,42.6900,17412500
2004-04-23,41.6300,42.7500,40.3100,42.4500,11551200
2004-04-16,41.7000,42.6000,41.1100,41.5000,10000300
2004-04-08,41.8500,42.5800,41.2000,41.3500,9314100
2004-04-02,39.8000,42.0400,39.6000,41.8400,13606400
2004-03-26,38.4300,39.9000,38.0400,39.3500,16970000
2004-03-19,39.9500,40.4600,38.9800,39.4300,14410000
2004-03-12,42.7200,42.8500,38.8700,40.3000,17572900
2004-03-05,43.3800,43.8700,42.1400,42.7200,13890700
2004-02-27,44.5400,44.5700,41.9700,43.3700,24157200
2004-02-20,44.6000,45.1000,44.3000,44.3400,11872600
2004-02-13,44.2000,44.6600,43.3200,44.4500,12726500
2004-02-06,41.6700,45.0200,41.6000,44.3500,20798800
2004-01-30,41.8500,42.6800,41.5000,41.7500,14362400
2004-01-23,44.5500,44.7100,41.6400,41.8500,15252000
2004-01-16,42.6400,44.0100,41.6000,44.0100,12798400
2004-01-09,42.2000,44.5300,41.4700,42.6400,18046000
2004-01-02,41.5400,43.3700,41.3700,41.9900,12337700
2003-12-26,41.4900,42.0000,41.2900,41.4700,6742400
2003-12-19,39.7300,41.9500,39.1700,41.4800,20253800
2003-12-12,38.1800,39.6100,38.1500,39.3700,15145100
2003-12-05,37.6000,39.2000,37.6000,38.0000,24656300
2003-11-28,39.0500,39.0500,37.6100,38.3900,14698700
2003-11-21,39.0000,39.9700,38.5000,38.8600,16578400
2003-11-14,39.0000,40.1500,38.0600,39.2500,13502400
2003-11-07,38.5400,39.2500,38.3100,38.9000,12945500
2003-10-31,36.2700,39.2100,35.3100,38.4900,22176900
2003-10-24,37.0500,37.6100,35.4500,36.2800,10663500
2003-10-17,36.9600,37.7500,36.6100,37.2400,12846000
2003-10-10,35.6000,37.2600,35.2600,36.9500,12776700
2003-10-03,34.4500,36.3200,33.8900,35.8500,14695500
2003-09-26,35.4500,35.4500,33.6600,34.0100,15365800
2003-09-19,35.4100,36.6000,35.2100,35.7900,13737600
2003-09-12,37.4500,37.5900,35.1100,35.6600,19524600
2003-09-05,37.2900,38.9000,36.8000,37.1600,15022100
2003-08-29,35.6700,37.4600,35.1100,37.3900,16980300
2003-08-22,33.1000,36.2800,33.0000,35.6800,20935800
2003-08-15,32.4000,33.1500,31.7100,32.9400,10070900
2003-08-08,32.2000,32.6500,31.0000,32.2500,14812300
2003-08-01,32.6800,33.4000,31.9900,32.4200,18848500
2003-07-25,33.0000,33.2500,31.1600,32.6800,23819200
2003-07-18,35.4000,35.4300,32.1200,33.3500,24752600
2003-07-11,34.8800,35.5500,34.3800,35.1800,14459600
2003-07-03,34.5500,34.9300,33.9000,34.5800,16852700
2003-06-27,34.8400,35.2000,34.1200,34.2200,16503500
2003-06-20,35.6500,37.3600,35.1000,35.5300,28917200
2003-06-13,34.4000,35.9400,32.8300,35.3400,27426600
2003-06-06,31.1000,35.1800,31.0000,34.8600,30614800
2003-05-30,29.9900,30.8600,29.4100,30.6700,16889100
2003-05-23,30.0500,30.6100,28.5500,29.9900,19807300
2003-05-16,28.9000,30.7600,28.8300,30.4200,22178400
2003-05-09,28.1200,29.1000,27.4000,29.1000,24239900
2003-05-02,26.7300,28.7700,26.4900,28.6200,24216600
2003-04-25,26.6500,28.6600,26.5900,27.1900,28047300
2003-04-17,26.4800,27.4600,26.0300,26.6500,15536300
2003-04-11,27.1000,28.0500,25.7000,26.4700,22852200
2003-04-04,25.0000,27.1000,24.8500,26.5000,23090800
2003-03-28,27.8000,27.8000,25.9000,26.1000,20848700
2003-03-21,25.5000,28.4200,25.3200,28.1000,25627100
2003-03-14,25.7000,26.2500,24.7300,25.5500,24371000
2003-03-07,27.7000,27.8200,25.4000,25.8400,25688500
2003-02-28,29.2800,29.6400,27.2400,27.5600,20038400
2003-02-21,30.5000,30.8000,28.2000,29.6400,16483400
2003-02-14,30.1000,30.5100,28.9000,30.1500,13425800
2003-02-07,30.9000,31.6300,29.9000,30.0000,14746300
2003-01-31,31.0100,32.2200,30.2000,31.5900,15066100
2003-01-24,33.2900,33.3100,31.0000,31.0100,10672000
2003-01-17,34.1500,34.5900,33.0300,33.2900,11548800
2003-01-10,34.0500,34.5600,33.0300,33.8500,14510200
2003-01-03,32.3300,34.4400,32.3300,34.1800,8763000
2002-12-27,32.7100,33.2800,32.1400,32.3300,6400900
2002-12-20,31.2700,32.9400,31.2500,32.7100,14690000
2002-12-13,32.6300,33.2500,31.4000,31.4000,14266000
2002-12-06,34.6000,34.8800,32.2300,33.4000,15790100
2002-11-29,33.5500,35.1400,33.2000,34.0500,12584100
2002-11-22,31.5400,34.4300,30.6200,34.0000,21067700
2002-11-15,33.1800,33.2100,30.8700,31.5000,17631500
2002-11-08,30.4100,34.4300,29.6300,33.1800,26959300
2002-11-01,30.4200,30.8000,28.5400,30.4000,18257500
2002-10-25,29.0000,31.2000,28.5800,30.3200,20943300
2002-10-18,30.3000,32.5200,28.5300,29.0000,32931400
2002-10-11,32.2200,33.0100,29.9500,32.0000,23618100
2002-10-04,34.4000,36.0200,31.9500,32.0100,21915300
2002-09-27,35.9000,36.5900,34.5000,34.7000,16814500
2002-09-20,35.9000,37.6000,35.4500,36.4800,18730700
2002-09-13,37.2100,37.8000,35.0100,35.5800,14788900
2002-09-06,36.8000,37.6500,35.2300,37.2100,11808500
2002-08-30,37.1300,37.8500,35.8500,37.0700,15830600
2002-08-23,37.5100,38.6500,36.9000,37.1300,16080700
2002-08-16,40.1500,40.6500,34.1000,37.5000,36957500
2002-08-09,39.6500,41.6500,38.5300,41.0000,16880900
2002-08-02,42.9400,42.9900,39.1000,39.8500,21513700
2002-07-26,39.8000,42.9400,37.1000,42.0000,25483100
2002-07-19,39.8500,43.1900,37.2000,39.9200,24892000
2002-07-12,44.7200,45.0900,39.1300,40.1500,20818300
2002-07-05,44.9700,45.2800,43.1700,45.0000,11230500
2002-06-28,42.9200,45.0900,41.5200,45.0000,19983000
2002-06-21,42.5400,44.4900,42.5400,42.9700,13358000
2002-06-14,42.9500,43.9900,41.7800,42.5300,10769700
2002-06-07,43.4000,43.8700,41.4500,42.7600,12100300
2002-05-31,43.3500,44.1900,42.4600,42.6500,11015700
2002-05-24,45.6400,46.0300,43.0500,43.3500,12316600
2002-05-17,43.9000,45.7400,43.7600,45.4200,12745000
2002-05-10,45.0000,45.2400,42.8000,43.6300,15651600
2002-05-03,43.7000,45.7300,43.1000,44.6300,20997700
2002-04-26,42.8000,43.7700,41.0000,41.5100,20163800
2002-04-19,48.2000,48.9800,41.9900,42.7500,39889700
2002-04-12,47.9000,50.0500,47.5900,48.5500,13837300
2002-04-05,48.7500,49.8500,47.4000,48.2900,16493500
2002-03-28,46.2000,48.7200,45.2500,48.2500,13801700
2002-03-22,48.2700,48.4400,46.1100,46.3900,13952500
2002-03-15,49.4000,51.0700,46.4100,47.9800,23917500
2002-03-08,48.0000,50.0000,47.4100,49.4000,19239700
2002-03-01,44.7500,47.8400,43.9000,47.8400,19772300
2002-02-22,44.1000,45.1000,42.5500,44.7600,19934700
2002-02-15,41.9000,45.0100,41.7200,44.9000,20890100
2002-02-08,41.5500,41.9000,40.5000,41.7000,15834700
2002-02-01,41.0000,41.6500,39.0500,41.4600,17014800
2002-01-25,39.7000,40.8300,38.0000,40.4800,20440800
2002-01-18,38.6900,39.6200,37.6500,39.1500,15649200
2002-01-11,41.8900,41.8900,38.6000,38.6900,21053500
2002-01-04,39.1900,40.4000,37.8500,40.3600,13427700
2001-12-28,38.5400,39.1200,38.1600,39.1000,7686900
2001-12-21,37.3500,39.2000,36.2700,38.6400,22058100
2001-12-14,37.3200,38.2900,36.0000,37.5500,15941300
2001-12-07,35.1000,37.5500,34.0300,37.3000,21714100
2001-11-30,36.0000,36.2500,33.9500,35.1000,17639800
2001-11-23,35.0100,35.6500,34.3400,35.6300,10390700
2001-11-16,32.0000,35.0100,31.5800,34.9900,20000800
2001-11-09,35.0000,35.7500,32.8000,33.2400,27342400
2001-11-02,35.1000,35.9000,32.3100,34.3500,29190100
2001-10-26,33.8000,38.1000,33.5400,37.6800,27836200
2001-10-19,35.6000,35.7500,32.5100,33.4500,20535900
2001-10-12,37.6400,37.6400,34.9000,35.9000,23612300
2001-10-05,33.5000,37.5200,32.0500,36.2600,33015700
2001-09-28,31.9500,34.6500,30.0900,33.5000,46477300
2001-09-21,35.6500,38.7000,27.6000,30.1000,78781400
2001-09-10,44.9000,45.9500,43.4600,43.4600,6618500
2001-09-07,49.7500,51.9700,44.7900,45.1800,18660200
2001-08-31,53.9100,53.9100,50.1700,51.2000,14205200
2001-08-24,53.7500,53.9500,51.7800,53.6300,14732200
2001-08-17,56.5500,57.2400,53.4000,54.0000,12473100
2001-08-10,59.0000,59.8000,55.8800,56.8500,15933300
2001-08-03,58.6400,59.7500,57.1200,59.2100,11766200
2001-07-27,57.0900,58.9000,55.1900,58.1400,10816100
2001-07-20,54.6200,57.9500,54.0800,56.7900,16516900
2001-07-13,53.8500,55.2100,52.5500,55.0700,18468500
2001-07-06,56.6000,57.2200,53.7700,54.3000,12788700
2001-06-29,56.9500,58.3800,55.5800,55.6000,22021100
2001-06-22,64.8500,64.9900,55.4000,57.0000,28693800
2001-06-15,64.5900,66.4900,63.3200,64.2500,16606400
2001-06-08,64.9000,67.5500,64.1000,64.5900,13771100
2001-06-01,63.5000,65.5700,62.3300,65.0000,11423600
2001-05-25,67.9000,68.9500,62.9000,63.3300,15496200
2001-05-18,66.0000,69.8500,65.4400,68.3500,17480800
2001-05-11,64.7000,66.4300,64.0000,66.0100,11488700
2001-05-04,62.4000,65.0000,61.8000,64.5000,15795400
2001-04-27,60.9000,62.1300,59.6100,61.6100,15820800
2001-04-20,60.2500,64.9100,59.0000,61.7000,18385400
2001-04-12,56.0500,61.0000,56.0000,60.5000,12624200
2001-04-06,55.4000,57.5000,53.9200,55.9800,14965100
2001-03-30,53.5500,57.2700,53.5500,55.7100,17833600
2001-03-23,54.5700,57.1900,49.7000,53.0000,25648600
2001-03-16,64.2000,64.3200,52.8500,53.7500,31643800
2001-03-09,59.9000,65.6000,59.8800,65.5000,16022800
2001-03-02,61.4500,63.9000,58.3000,60.1000,15923000
2001-02-23,60.3500,62.8000,60.1500,61.6100,10478700
2001-02-16,58.6500,61.9400,58.2100,59.9900,17062600
2001-02-09,56.7300,58.4600,56.4200,57.3400,11557400
2001-02-02,57.7000,58.9100,54.5600,56.8500,15910600
2001-01-26,56.3100,59.6900,55.6900,58.0600,17005600
2001-01-19,59.9400,62.6900,55.5000,55.6900,20226600
2001-01-12,58.7500,60.8800,57.1900,60.6300,17648400
2001-01-05,64.8800,65.3100,58.1300,58.7500,18072600
2000-12-29,63.4400,67.0000,62.2500,66.0000,10132600
2000-12-22,66.0000,69.9400,61.4400,63.4400,21456200
2000-12-15,69.6900,70.6300,64.7500,64.8800,19045900
2000-12-08,65.8100,70.9400,63.6900,69.9400,23620500
2000-12-01,67.0000,70.0000,65.1900,65.8100,21077400
2000-11-24,65.0000,69.5000,64.8800,65.6900,13656300
2000-11-17,62.1300,66.8100,61.9400,65.3800,16723700
2000-11-10,64.4400,66.3800,63.2500,63.5000,13149200
2000-11-03,63.7500,67.8800,63.6900,66.0600,22927800
2000-10-27,60.5000,63.9400,60.0600,63.7500,22889600
2000-10-20,59.6300,61.5000,57.3100,60.0000,20566600
2000-10-13,60.2500,61.2500,54.0000,58.7500,21279100
2000-10-06,61.0000,63.0000,57.2500,61.0000,26506300
2000-09-29,63.7500,66.9400,60.6300,64.5000,31712800
2000-09-22,56.7500,64.3100,56.2500,63.5000,26808100
2000-09-15,57.8800,60.1300,56.7500,56.8800,24277900
2000-09-08,54.0000,59.9400,54.0000,58.1300,29286200
2000-09-01,53.3800,56.2500,51.9400,54.7500,21501300
2000-08-25,45.9400,54.5000,45.5000,54.1300,34307200
2000-08-18,49.6300,49.8800,45.3100,45.6900,20054200
2000-08-11,48.9400,49.9400,47.1300,49.6300,15608800
2000-08-04,48.5000,49.9400,48.3100,49.0000,17738300
2000-07-28,46.6900,50.2500,46.6900,48.8100,27137200
2000-07-21,44.4400,47.3100,43.3100,46.8100,27427700
2000-07-14,43.8800,45.1300,43.0000,44.4400,15803000
2000-07-07,41.6300,44.0600,41.4400,43.7500,14145200
2000-06-30,39.5000,42.2500,39.3100,41.8100,17547600
2000-06-23,39.3800,40.1300,38.3100,39.8800,13414800
2000-06-16,38.6300,41.0000,37.6900,39.2500,18255600
2000-06-09,39.1300,40.1900,37.6900,39.1900,13462300
2000-06-02,38.7500,40.5600,38.5600,39.8800,10296200
2000-05-26,37.3800,39.0000,36.2500,38.2500,15607700
2000-05-19,36.6300,37.8800,36.2500,36.9400,13713000
2000-05-12,39.0000,39.5000,36.5600,37.1900,15996500
2000-05-05,39.6900,40.1900,36.8100,39.5000,14525600
2000-04-28,39.6300,41.2500,37.5000,39.6900,26047900
2000-04-20,35.1300,40.2500,34.0600,40.0600,21000400
2000-04-14,35.5000,38.3800,34.7500,35.3800,15985500
2000-04-07,37.7500,38.2500,35.3800,35.6900,15510800
2000-03-31,36.2500,38.9400,36.1300,37.8100,18272600
2000-03-24,37.1900,37.6900,34.8100,36.0000,23189300
2000-03-17,32.2500,38.9400,32.0000,38.0000,32040000
2000-03-10,36.1300,36.1900,32.3100,32.3800,18932700
2000-03-03,37.5000,37.6300,35.3800,35.9400,17866700
2000-02-25,35.9400,39.9400,35.8800,37.8100,16033600
2000-02-18,39.6300,39.6900,35.8800,36.0000,18950600
2000-02-11,43.8800,43.8800,38.3800,39.8800,20850500
2000-02-04,44.0000,45.1300,43.1300,44.0000,14199400
2000-01-28,45.8100,46.8800,43.6300,44.6300,17080700
2000-01-21,43.8800,48.1300,43.1300,45.6900,30657000
2000-01-14,44.3100,44.5000,42.0000,44.0000,14051300
2000-01-07,41.6300,44.8800,39.7500,44.3100,24792500
1999-12-31,41.1300,41.9400,40.8100,41.4400,9381000
1999-12-23,38.2500,41.3100,37.8800,41.1900,14369000
1999-12-17,38.8800,40.5600,37.2500,38.3100,25119400
1999-12-10,40.0000,40.0600,37.0600,39.1300,22935400
1999-12-03,40.8100,42.1300,39.6300,40.3800,15799800
1999-11-26,43.5000,43.5000,40.6900,41.0600,9319800
1999-11-19,40.5000,44.0000,39.8100,43.6900,19518900
1999-11-12,44.0000,44.8800,40.8100,41.3100,22566500
